40
72
32
60
41
88
52
25
39
12
80
66
43
3
3
76
53
45
79
71
82
11
44
50
33
68
56
68
65
24
3
52
33
39
82
48
41
27
18
30
54
29
77
60
77
85
69
40
25
8
56
84
15
19
51
29
74
30
2
28
83
36
31
66
63
16
41
83
52
41
39
7
25
79
85
87
88
65
44
23
37
19
76
89
26
54
7
75
43
4
54
71
13
21
54
10
7
1
60
38
48
16
49
79
84
38
84
62
84
52
65
27
53
64
18
36
81
34
47
23
9
8
73
84
1
39
32
39
80
23
33
46
60
50
55
51
86
4
26
31
29
38
32
79
62
31
5
68
67
37
21
23
78
37
58
43
43
1
87
30
85
81
84
74
5
62
76
8
63
22
1
31
86
17
54
46
24
33
9
53
81
46
67
24
67
53
64
16
11
59
80
57
79
23
9
16
89
5
24
49
19
70
30
49
87
78
41
34
64
3
66
18
64
7
28
61
48
41
75
14
50
37
36
8
33
1
73
59
39
52
54
62
6
34
56
35
6
84
79
17
70
73
47
61
7
89
84
25
17
22
54
39
21
71
30
49
14
25
24
47
66
56
52
14
77
86
54
47
60
85
79
40
82
45
5
51
66
33
84
88
84
30
49
13
84
35
50
45
62
5
2
66
63
61
53
29
76
74
80
73
11
89
86
45
50
54
77
18
52
22
2
51
71
74
51
45
1
53
51
80
83
37
81
50
32
69
26
13
13
7
8
72
51
82
88
14
64
20
6
79
29
83
70
66
24
59
40
86
66
71
80
12
32
24
74
19
55
36
6
82
36
22
83
72
79
48
74
51
15
79
19
67
60
37
18
10
57
19
9
5
63
8
7
43
51
26
22
66
75
46
74
34
65
41
61
24
29
64
78
4
67
77
78
84
78
17
78
63
40
40
88
8
3
38
52
21
56
59
34
69
84
2
20
35
49
66
21
46
27
56
7
23
44
48
18
69
88
44
72
86
40
54
46
27
61
81
53
26
42
6
46
22
32
18
8
25
31
17
77
40
41
51
12
3
37
26
5
47
35
9
18
74
58
49
86
67
31
51
38
9
62
65
18
45
63
27
62
36
69
63
64
87
79
80
44
38
30
7
17
22
61
14
14
76
23
20
48
72
74
17
24
36
41
71
35
40
11
4
37
27
54
77
63
70
27
53
10
46
71
76
39
44
41
80
45
11
59
23
42
17
82
43
45
41
4
27
18
84
43
83
47
4
55
55
20
37
45
49
15
54
6
24
58
44
42
30
3
67
16
81
24
30
48
64
77
11
67
52
88
27
80
14
29
20
7
43
55
40
29
42
15
42
43
87
28
81
58
75
69
88
13
26
45
26
29
58
70
55
52
73
57
23
68
12
14
15
9
77
25
52
37
76
68
61
40
40
80
1
28
15
4
20
51
20
50
3
31
67
65
41
18
73
89
33
43
31
58
60
16
68
62
27
7
15
21
11
17
3
5
7
24
69
23
27
77
53
54
24
35
22
15
71
79
46
52
71
51
22
39
43
50
73
56
4
31
35
78
5
61
1
87
43
64
64
42
48
53
26
32
67
40
51
22
59
45
65
2
77
81
77
58
20
23
49
11
87
47
34
8
42
65
73
55
76
65
16
24
47
43
12
68
35
24
59
77
67
59
42
69
69
76
27
66
39
35
86
13
38
66
61
